Unique letter frequecnies for entire word (wlf)
0.41084
0.11708
0.14793
0.17723
0.43977
0.07628
0.11893
0.13157
0.27672
0.02229
0.11137
0.23994
0.14407
0.21479
0.30156
0.14530
0.00856
0.30133
0.45774
0.23392
0.18780
0.05190
0.07921
0.02213
0.15656
0.03016

General letter frequencies for entire word(glf)
0.09233
0.02508
0.03125
0.03784
0.10271
0.01718
0.02534
0.02712
0.05797
0.00449
0.02321
0.05195
0.03048
0.04550
0.06844
0.03111
0.00173
0.06411
0.10279
0.05083
0.03872
0.01069
0.01601
0.00444
0.03198
0.00669

Letter frequencies for spot 1 out of 5 in the words (slf)
0.01135
0.01402
0.01422
0.01057
0.00467
0.00921
0.00984
0.00754
0.00255
0.00312
0.00580
0.00888
0.01069
0.00501
0.00404
0.01323
0.00120
0.00969
0.02412
0.01257
0.00292
0.00373
0.00636
0.00025
0.00279
0.00162

Letter frequencies for spot 2 out of 5 in the words (slf)
0.03491
0.00125
0.00271
0.00130
0.02510
0.00037
0.00116
0.00842
0.02132
0.00017
0.00147
0.01077
0.00290
0.00532
0.03233
0.00356
0.00023
0.01450
0.00143
0.00369
0.01829
0.00080
0.00251
0.00088
0.00416
0.00045

Letter frequencies for spot 3 out of 5 in the words (slf)
0.01905
0.00515
0.00605
0.00602
0.01360
0.00275
0.00561
0.00185
0.01621
0.00071
0.00420
0.01308
0.00788
0.01484
0.01530
0.00560
0.00020
0.01848
0.00822
0.00950
0.01029
0.00370
0.00418
0.00205
0.00329
0.00219

Letter frequencies for spot 4 out of 5 in the words (slf)
0.01655
0.00375
0.00631
0.00727
0.03589
0.00359
0.00652
0.00362
0.01357
0.00045
0.00776
0.01189
0.00620
0.01215
0.01077
0.00645
0.00003
0.01106
0.00796
0.01385
0.00619
0.00239
0.00197
0.00019
0.00167
0.00194

Letter frequencies for spot 5 out of 5 in the words (slf)
0.01047
0.00091
0.00196
0.01269
0.02345
0.00126
0.00221
0.00568
0.00432
0.00005
0.00400
0.00733
0.00281
0.00818
0.00600
0.00227
0.00006
0.01038
0.06105
0.01121
0.00103
0.00006
0.00099
0.00108
0.02007
0.00049

