Unique letter frequecnies for entire word (wlf)
0.41484
0.11748
0.13813
0.18091
0.43624
0.07347
0.11664
0.12471
0.27606
0.02458
0.11654
0.23140
0.14732
0.20991
0.30384
0.14441
0.00769
0.28826
0.49901
0.22201
0.18570
0.04926
0.07826
0.02346
0.15145
0.03341

General letter frequencies for entire word(glf)
0.09404
0.02526
0.02911
0.03866
0.10189
0.01661
0.02502
0.02573
0.05795
0.00495
0.02430
0.04977
0.03115
0.04461
0.06914
0.03100
0.00156
0.06116
0.11253
0.04816
0.03836
0.01015
0.01584
0.00471
0.03095
0.00739

Letter frequencies for spot 1 out of 5 in the words (slf)
0.01119
0.01381
0.01359
0.01077
0.00434
0.00867
0.00982
0.00788
0.00246
0.00342
0.00668
0.00918
0.01100
0.00540
0.00415
0.01346
0.00103
0.00982
0.02250
0.01250
0.00293
0.00373
0.00619
0.00030
0.00328
0.00191

Letter frequencies for spot 2 out of 5 in the words (slf)
0.03676
0.00122
0.00255
0.00120
0.02601
0.00030
0.00120
0.00754
0.02216
0.00017
0.00160
0.00935
0.00282
0.00484
0.03410
0.00319
0.00019
0.01263
0.00145
0.00304
0.01879
0.00069
0.00223
0.00081
0.00465
0.00051

Letter frequencies for spot 3 out of 5 in the words (slf)
0.01743
0.00522
0.00631
0.00591
0.01323
0.00287
0.00557
0.00208
0.01473
0.00081
0.00488
0.01381
0.00845
0.01548
0.01406
0.00574
0.00023
0.01942
0.00850
0.00948
0.00942
0.00358
0.00460
0.00227
0.00345
0.00246

Letter frequencies for spot 4 out of 5 in the words (slf)
0.01710
0.00411
0.00486
0.00754
0.03770
0.00372
0.00651
0.00388
0.01355
0.00051
0.00841
0.01143
0.00627
0.01137
0.01062
0.00691
0.00004
0.01064
0.00647
0.01424
0.00599
0.00206
0.00193
0.00017
0.00197
0.00199

Letter frequencies for spot 5 out of 5 in the words (slf)
0.01156
0.00090
0.00180
0.01323
0.02061
0.00105
0.00191
0.00434
0.00505
0.00006
0.00274
0.00601
0.00263
0.00751
0.00621
0.00171
0.00008
0.00865
0.07360
0.00890
0.00124
0.00008
0.00088
0.00116
0.01758
0.00053

