Unique letter frequecnies for entire word (wlf)
0.39238
0.11520
0.19316
0.16024
0.45604
0.08922
0.12949
0.16327
0.27977
0.01169
0.08748
0.27934
0.12906
0.23733
0.29104
0.14942
0.01256
0.36163
0.26722
0.28887
0.19749
0.06410
0.08359
0.01602
0.18016
0.01516

General letter frequencies for entire word(glf)
0.08445
0.02425
0.04114
0.03404
0.10654
0.01984
0.02685
0.03352
0.05803
0.00234
0.01819
0.06202
0.02737
0.04963
0.06522
0.03162
0.00251
0.07770
0.05786
0.06314
0.04036
0.01317
0.01680
0.00320
0.03673
0.00346

Letter frequencies for spot 1 out of 5 in the words (slf)
0.01213
0.01498
0.01715
0.00961
0.00624
0.01169
0.00996
0.00598
0.00294
0.00173
0.00173
0.00754
0.00927
0.00320
0.00355
0.01221
0.00199
0.00909
0.03162
0.01291
0.00286
0.00372
0.00710
0.00000
0.00052
0.00026

Letter frequencies for spot 2 out of 5 in the words (slf)
0.02633
0.00139
0.00346
0.00173
0.02087
0.00069
0.00095
0.01247
0.01741
0.00017
0.00087
0.01732
0.00329
0.00754
0.02417
0.00528
0.00043
0.02313
0.00139
0.00667
0.01602
0.00130
0.00381
0.00121
0.00191
0.00017

Letter frequencies for spot 3 out of 5 in the words (slf)
0.02650
0.00485
0.00485
0.00650
0.01533
0.00217
0.00580
0.00078
0.02304
0.00026
0.00104
0.00970
0.00528
0.01187
0.02105
0.00494
0.00009
0.01412
0.00693
0.00961
0.01429
0.00424
0.00225
0.00104
0.00251
0.00095

Letter frequencies for spot 4 out of 5 in the words (slf)
0.01403
0.00208
0.01299
0.00598
0.02754
0.00303
0.00658
0.00243
0.01369
0.00017
0.00476
0.01403
0.00589
0.01576
0.01143
0.00433
0.00000
0.01299
0.01481
0.01204
0.00710
0.00390
0.00217
0.00026
0.00026
0.00173

Letter frequencies for spot 5 out of 5 in the words (slf)
0.00546
0.00095
0.00269
0.01022
0.03655
0.00225
0.00355
0.01187
0.00095
0.00000
0.00979
0.01343
0.00364
0.01126
0.00502
0.00485
0.00000
0.01836
0.00312
0.02191
0.00009
0.00000
0.00147
0.00069
0.03153
0.00035

